{
  "nbformat": 4,
  "nbformat_minor": 0,
  "metadata": {
    "colab": {
      "provenance": [],
      "authorship_tag": "ABX9TyO4RI8tHVaFpHM59C5qq62D",
      "include_colab_link": true
    },
    "kernelspec": {
      "name": "python3",
      "display_name": "Python 3"
    },
    "language_info": {
      "name": "python"
    }
  },
  "cells": [
    {
      "cell_type": "markdown",
      "metadata": {
        "id": "view-in-github",
        "colab_type": "text"
      },
      "source": [
        "<a href=\"https://colab.research.google.com/github/zmarshall4497/dsba/blob/main/Assignment_1_Regression.ipynb\" target=\"_parent\"><img src=\"https://colab.research.google.com/assets/colab-badge.svg\" alt=\"Open In Colab\"/></a>"
      ]
    },
    {
      "cell_type": "code",
      "execution_count": 17,
      "metadata": {
        "colab": {
          "base_uri": "https://localhost:8080/",
          "height": 74
        },
        "id": "zZBhnglsjsv0",
        "outputId": "324b2d5a-bbb4-4d68-f57d-e74262d0bea7"
      },
      "outputs": [
        {
          "output_type": "display_data",
          "data": {
            "text/plain": [
              "<IPython.core.display.HTML object>"
            ],
            "text/html": [
              "\n",
              "     <input type=\"file\" id=\"files-8e5d38ce-91b8-4c7f-b513-616f3feab674\" name=\"files[]\" multiple disabled\n",
              "        style=\"border:none\" />\n",
              "     <output id=\"result-8e5d38ce-91b8-4c7f-b513-616f3feab674\">\n",
              "      Upload widget is only available when the cell has been executed in the\n",
              "      current browser session. Please rerun this cell to enable.\n",
              "      </output>\n",
              "      <script>// Copyright 2017 Google LLC\n",
              "//\n",
              "// Licensed under the Apache License, Version 2.0 (the \"License\");\n",
              "// you may not use this file except in compliance with the License.\n",
              "// You may obtain a copy of the License at\n",
              "//\n",
              "//      http://www.apache.org/licenses/LICENSE-2.0\n",
              "//\n",
              "// Unless required by applicable law or agreed to in writing, software\n",
              "// distributed under the License is distributed on an \"AS IS\" BASIS,\n",
              "// WITHOUT WARRANTIES OR CONDITIONS OF ANY KIND, either express or implied.\n",
              "// See the License for the specific language governing permissions and\n",
              "// limitations under the License.\n",
              "\n",
              "/**\n",
              " * @fileoverview Helpers for google.colab Python module.\n",
              " */\n",
              "(function(scope) {\n",
              "function span(text, styleAttributes = {}) {\n",
              "  const element = document.createElement('span');\n",
              "  element.textContent = text;\n",
              "  for (const key of Object.keys(styleAttributes)) {\n",
              "    element.style[key] = styleAttributes[key];\n",
              "  }\n",
              "  return element;\n",
              "}\n",
              "\n",
              "// Max number of bytes which will be uploaded at a time.\n",
              "const MAX_PAYLOAD_SIZE = 100 * 1024;\n",
              "\n",
              "function _uploadFiles(inputId, outputId) {\n",
              "  const steps = uploadFilesStep(inputId, outputId);\n",
              "  const outputElement = document.getElementById(outputId);\n",
              "  // Cache steps on the outputElement to make it available for the next call\n",
              "  // to uploadFilesContinue from Python.\n",
              "  outputElement.steps = steps;\n",
              "\n",
              "  return _uploadFilesContinue(outputId);\n",
              "}\n",
              "\n",
              "// This is roughly an async generator (not supported in the browser yet),\n",
              "// where there are multiple asynchronous steps and the Python side is going\n",
              "// to poll for completion of each step.\n",
              "// This uses a Promise to block the python side on completion of each step,\n",
              "// then passes the result of the previous step as the input to the next step.\n",
              "function _uploadFilesContinue(outputId) {\n",
              "  const outputElement = document.getElementById(outputId);\n",
              "  const steps = outputElement.steps;\n",
              "\n",
              "  const next = steps.next(outputElement.lastPromiseValue);\n",
              "  return Promise.resolve(next.value.promise).then((value) => {\n",
              "    // Cache the last promise value to make it available to the next\n",
              "    // step of the generator.\n",
              "    outputElement.lastPromiseValue = value;\n",
              "    return next.value.response;\n",
              "  });\n",
              "}\n",
              "\n",
              "/**\n",
              " * Generator function which is called between each async step of the upload\n",
              " * process.\n",
              " * @param {string} inputId Element ID of the input file picker element.\n",
              " * @param {string} outputId Element ID of the output display.\n",
              " * @return {!Iterable<!Object>} Iterable of next steps.\n",
              " */\n",
              "function* uploadFilesStep(inputId, outputId) {\n",
              "  const inputElement = document.getElementById(inputId);\n",
              "  inputElement.disabled = false;\n",
              "\n",
              "  const outputElement = document.getElementById(outputId);\n",
              "  outputElement.innerHTML = '';\n",
              "\n",
              "  const pickedPromise = new Promise((resolve) => {\n",
              "    inputElement.addEventListener('change', (e) => {\n",
              "      resolve(e.target.files);\n",
              "    });\n",
              "  });\n",
              "\n",
              "  const cancel = document.createElement('button');\n",
              "  inputElement.parentElement.appendChild(cancel);\n",
              "  cancel.textContent = 'Cancel upload';\n",
              "  const cancelPromise = new Promise((resolve) => {\n",
              "    cancel.onclick = () => {\n",
              "      resolve(null);\n",
              "    };\n",
              "  });\n",
              "\n",
              "  // Wait for the user to pick the files.\n",
              "  const files = yield {\n",
              "    promise: Promise.race([pickedPromise, cancelPromise]),\n",
              "    response: {\n",
              "      action: 'starting',\n",
              "    }\n",
              "  };\n",
              "\n",
              "  cancel.remove();\n",
              "\n",
              "  // Disable the input element since further picks are not allowed.\n",
              "  inputElement.disabled = true;\n",
              "\n",
              "  if (!files) {\n",
              "    return {\n",
              "      response: {\n",
              "        action: 'complete',\n",
              "      }\n",
              "    };\n",
              "  }\n",
              "\n",
              "  for (const file of files) {\n",
              "    const li = document.createElement('li');\n",
              "    li.append(span(file.name, {fontWeight: 'bold'}));\n",
              "    li.append(span(\n",
              "        `(${file.type || 'n/a'}) - ${file.size} bytes, ` +\n",
              "        `last modified: ${\n",
              "            file.lastModifiedDate ? file.lastModifiedDate.toLocaleDateString() :\n",
              "                                    'n/a'} - `));\n",
              "    const percent = span('0% done');\n",
              "    li.appendChild(percent);\n",
              "\n",
              "    outputElement.appendChild(li);\n",
              "\n",
              "    const fileDataPromise = new Promise((resolve) => {\n",
              "      const reader = new FileReader();\n",
              "      reader.onload = (e) => {\n",
              "        resolve(e.target.result);\n",
              "      };\n",
              "      reader.readAsArrayBuffer(file);\n",
              "    });\n",
              "    // Wait for the data to be ready.\n",
              "    let fileData = yield {\n",
              "      promise: fileDataPromise,\n",
              "      response: {\n",
              "        action: 'continue',\n",
              "      }\n",
              "    };\n",
              "\n",
              "    // Use a chunked sending to avoid message size limits. See b/62115660.\n",
              "    let position = 0;\n",
              "    do {\n",
              "      const length = Math.min(fileData.byteLength - position, MAX_PAYLOAD_SIZE);\n",
              "      const chunk = new Uint8Array(fileData, position, length);\n",
              "      position += length;\n",
              "\n",
              "      const base64 = btoa(String.fromCharCode.apply(null, chunk));\n",
              "      yield {\n",
              "        response: {\n",
              "          action: 'append',\n",
              "          file: file.name,\n",
              "          data: base64,\n",
              "        },\n",
              "      };\n",
              "\n",
              "      let percentDone = fileData.byteLength === 0 ?\n",
              "          100 :\n",
              "          Math.round((position / fileData.byteLength) * 100);\n",
              "      percent.textContent = `${percentDone}% done`;\n",
              "\n",
              "    } while (position < fileData.byteLength);\n",
              "  }\n",
              "\n",
              "  // All done.\n",
              "  yield {\n",
              "    response: {\n",
              "      action: 'complete',\n",
              "    }\n",
              "  };\n",
              "}\n",
              "\n",
              "scope.google = scope.google || {};\n",
              "scope.google.colab = scope.google.colab || {};\n",
              "scope.google.colab._files = {\n",
              "  _uploadFiles,\n",
              "  _uploadFilesContinue,\n",
              "};\n",
              "})(self);\n",
              "</script> "
            ]
          },
          "metadata": {}
        },
        {
          "output_type": "stream",
          "name": "stdout",
          "text": [
            "Saving Assignment 1 Dataset.csv to Assignment 1 Dataset (2).csv\n"
          ]
        }
      ],
      "source": [
        "#import data set\n",
        "import pandas as pd\n",
        "from google.colab import files \n",
        "import io\n",
        "\n",
        "upload = files.upload()\n",
        "\n",
        "dfZM = pd.read_csv(io.BytesIO(upload['Assignment 1 Dataset.csv']))"
      ]
    },
    {
      "cell_type": "code",
      "source": [
        "#view data / analyze data\n",
        "dfZM.describe()\n",
        "dfZM.corr()\n"
      ],
      "metadata": {
        "colab": {
          "base_uri": "https://localhost:8080/",
          "height": 740
        },
        "id": "hTEmck1Zj3zn",
        "outputId": "929dd427-a313-4d35-ecf7-816b11696cce"
      },
      "execution_count": 18,
      "outputs": [
        {
          "output_type": "execute_result",
          "data": {
            "text/plain": [
              "                      Enroll  TOTAL_CONTACTS  SELF_INIT_CNTCTS  \\\n",
              "Enroll              1.000000        0.451789          0.471775   \n",
              "TOTAL_CONTACTS      0.451789        1.000000          0.923753   \n",
              "SELF_INIT_CNTCTS    0.471775        0.923753          1.000000   \n",
              "TRAVEL_INIT_CNTCTS  0.052103        0.229491          0.059156   \n",
              "SOLICITED_CNTCTS    0.016668        0.245085          0.005808   \n",
              "REFERRAL_CNTCTS     0.048135        0.115090          0.035479   \n",
              "CAMPUS_VISIT        0.235264        0.298847          0.339545   \n",
              "satscore            0.190604        0.330036          0.305657   \n",
              "sex                -0.009335        0.041243          0.014480   \n",
              "mailq              -0.050650       -0.204294         -0.114783   \n",
              "telecq             -0.278763       -0.355560         -0.372692   \n",
              "premiere            0.399842        0.490954          0.506723   \n",
              "interest            0.181966        0.287364          0.283894   \n",
              "stucell             0.183567        0.361508          0.320280   \n",
              "init_span          -0.024459        0.085316         -0.041523   \n",
              "int1rat             0.125830        0.195777          0.198880   \n",
              "int2rat             0.123740        0.182284          0.187631   \n",
              "hscrat              0.329381        0.195487          0.231151   \n",
              "avg_income          0.107852        0.143131          0.176143   \n",
              "distance           -0.055795       -0.128136         -0.122737   \n",
              "\n",
              "                    TRAVEL_INIT_CNTCTS  SOLICITED_CNTCTS  REFERRAL_CNTCTS  \\\n",
              "Enroll                        0.052103          0.016668         0.048135   \n",
              "TOTAL_CONTACTS                0.229491          0.245085         0.115090   \n",
              "SELF_INIT_CNTCTS              0.059156          0.005808         0.035479   \n",
              "TRAVEL_INIT_CNTCTS            1.000000         -0.339020        -0.045769   \n",
              "SOLICITED_CNTCTS             -0.339020          1.000000        -0.071764   \n",
              "REFERRAL_CNTCTS              -0.045769         -0.071764         1.000000   \n",
              "CAMPUS_VISIT                  0.002808         -0.026848         0.016109   \n",
              "satscore                      0.020281          0.283704         0.046786   \n",
              "sex                           0.025664          0.060522        -0.003980   \n",
              "mailq                        -0.706166          0.305246         0.035366   \n",
              "telecq                       -0.094045          0.002106        -0.047561   \n",
              "premiere                      0.061138          0.028990         0.053780   \n",
              "interest                      0.105864         -0.008986         0.026997   \n",
              "stucell                       0.033419          0.196707        -0.046134   \n",
              "init_span                     0.116978          0.234382         0.043565   \n",
              "int1rat                       0.160831         -0.097115         0.020859   \n",
              "int2rat                       0.179017         -0.122263         0.020617   \n",
              "hscrat                       -0.026865         -0.020868         0.024086   \n",
              "avg_income                   -0.050148         -0.000039        -0.005771   \n",
              "distance                     -0.144471          0.082265        -0.019663   \n",
              "\n",
              "                    CAMPUS_VISIT  satscore       sex     mailq    telecq  \\\n",
              "Enroll                  0.235264  0.190604 -0.009335 -0.050650 -0.278763   \n",
              "TOTAL_CONTACTS          0.298847  0.330036  0.041243 -0.204294 -0.355560   \n",
              "SELF_INIT_CNTCTS        0.339545  0.305657  0.014480 -0.114783 -0.372692   \n",
              "TRAVEL_INIT_CNTCTS      0.002808  0.020281  0.025664 -0.706166 -0.094045   \n",
              "SOLICITED_CNTCTS       -0.026848  0.283704  0.060522  0.305246  0.002106   \n",
              "REFERRAL_CNTCTS         0.016109  0.046786 -0.003980  0.035366 -0.047561   \n",
              "CAMPUS_VISIT            1.000000  0.173193  0.007403 -0.145760 -0.125325   \n",
              "satscore                0.173193  1.000000 -0.055650 -0.007297  0.020911   \n",
              "sex                     0.007403 -0.055650  1.000000 -0.025304  0.015061   \n",
              "mailq                  -0.145760 -0.007297 -0.025304  1.000000  0.112314   \n",
              "telecq                 -0.125325  0.020911  0.015061  0.112314  1.000000   \n",
              "premiere                0.081942  0.159753  0.013790 -0.054767 -0.214094   \n",
              "interest                0.116651  0.113748  0.003178 -0.155676 -0.158696   \n",
              "stucell                 0.111127  0.263933  0.060629 -0.057595 -0.169061   \n",
              "init_span               0.043017  0.174224  0.072087 -0.074792  0.039631   \n",
              "int1rat                 0.074249  0.008071  0.004476 -0.165121 -0.103458   \n",
              "int2rat                 0.070314 -0.015300 -0.021127 -0.175092 -0.106548   \n",
              "hscrat                  0.128343  0.170182 -0.021165  0.003186 -0.133743   \n",
              "avg_income              0.116736  0.317984 -0.022018  0.036260 -0.066695   \n",
              "distance               -0.054921  0.060700  0.023406  0.149415  0.082819   \n",
              "\n",
              "                    premiere  interest   stucell  init_span   int1rat  \\\n",
              "Enroll              0.399842  0.181966  0.183567  -0.024459  0.125830   \n",
              "TOTAL_CONTACTS      0.490954  0.287364  0.361508   0.085316  0.195777   \n",
              "SELF_INIT_CNTCTS    0.506723  0.283894  0.320280  -0.041523  0.198880   \n",
              "TRAVEL_INIT_CNTCTS  0.061138  0.105864  0.033419   0.116978  0.160831   \n",
              "SOLICITED_CNTCTS    0.028990 -0.008986  0.196707   0.234382 -0.097115   \n",
              "REFERRAL_CNTCTS     0.053780  0.026997 -0.046134   0.043565  0.020859   \n",
              "CAMPUS_VISIT        0.081942  0.116651  0.111127   0.043017  0.074249   \n",
              "satscore            0.159753  0.113748  0.263933   0.174224  0.008071   \n",
              "sex                 0.013790  0.003178  0.060629   0.072087  0.004476   \n",
              "mailq              -0.054767 -0.155676 -0.057595  -0.074792 -0.165121   \n",
              "telecq             -0.214094 -0.158696 -0.169061   0.039631 -0.103458   \n",
              "premiere            1.000000  0.139912  0.132347   0.022492  0.123132   \n",
              "interest            0.139912  1.000000  0.133698  -0.005882  0.082309   \n",
              "stucell             0.132347  0.133698  1.000000   0.070887  0.011230   \n",
              "init_span           0.022492 -0.005882  0.070887   1.000000 -0.083764   \n",
              "int1rat             0.123132  0.082309  0.011230  -0.083764  1.000000   \n",
              "int2rat             0.120838  0.081626  0.004476  -0.095125  0.498628   \n",
              "hscrat              0.140450  0.069986  0.094365  -0.054436  0.133807   \n",
              "avg_income          0.095702  0.026881  0.113128  -0.027284  0.054136   \n",
              "distance           -0.088965 -0.047431  0.063049   0.001484 -0.427276   \n",
              "\n",
              "                     int2rat    hscrat  avg_income  distance  \n",
              "Enroll              0.123740  0.329381    0.107852 -0.055795  \n",
              "TOTAL_CONTACTS      0.182284  0.195487    0.143131 -0.128136  \n",
              "SELF_INIT_CNTCTS    0.187631  0.231151    0.176143 -0.122737  \n",
              "TRAVEL_INIT_CNTCTS  0.179017 -0.026865   -0.050148 -0.144471  \n",
              "SOLICITED_CNTCTS   -0.122263 -0.020868   -0.000039  0.082265  \n",
              "REFERRAL_CNTCTS     0.020617  0.024086   -0.005771 -0.019663  \n",
              "CAMPUS_VISIT        0.070314  0.128343    0.116736 -0.054921  \n",
              "satscore           -0.015300  0.170182    0.317984  0.060700  \n",
              "sex                -0.021127 -0.021165   -0.022018  0.023406  \n",
              "mailq              -0.175092  0.003186    0.036260  0.149415  \n",
              "telecq             -0.106548 -0.133743   -0.066695  0.082819  \n",
              "premiere            0.120838  0.140450    0.095702 -0.088965  \n",
              "interest            0.081626  0.069986    0.026881 -0.047431  \n",
              "stucell             0.004476  0.094365    0.113128  0.063049  \n",
              "init_span          -0.095125 -0.054436   -0.027284  0.001484  \n",
              "int1rat             0.498628  0.133807    0.054136 -0.427276  \n",
              "int2rat             1.000000  0.138267    0.048512 -0.467201  \n",
              "hscrat              0.138267  1.000000    0.247159 -0.094421  \n",
              "avg_income          0.048512  0.247159    1.000000  0.025155  \n",
              "distance           -0.467201 -0.094421    0.025155  1.000000  "
            ],
            "text/html": [
              "\n",
              "  <div id=\"df-7bbb7b96-3581-4c9f-bfea-e001ac2dddcc\">\n",
              "    <div class=\"colab-df-container\">\n",
              "      <div>\n",
              "<style scoped>\n",
              "    .dataframe tbody tr th:only-of-type {\n",
              "        vertical-align: middle;\n",
              "    }\n",
              "\n",
              "    .dataframe tbody tr th {\n",
              "        vertical-align: top;\n",
              "    }\n",
              "\n",
              "    .dataframe thead th {\n",
              "        text-align: right;\n",
              "    }\n",
              "</style>\n",
              "<table border=\"1\" class=\"dataframe\">\n",
              "  <thead>\n",
              "    <tr style=\"text-align: right;\">\n",
              "      <th></th>\n",
              "      <th>Enroll</th>\n",
              "      <th>TOTAL_CONTACTS</th>\n",
              "      <th>SELF_INIT_CNTCTS</th>\n",
              "      <th>TRAVEL_INIT_CNTCTS</th>\n",
              "      <th>SOLICITED_CNTCTS</th>\n",
              "      <th>REFERRAL_CNTCTS</th>\n",
              "      <th>CAMPUS_VISIT</th>\n",
              "      <th>satscore</th>\n",
              "      <th>sex</th>\n",
              "      <th>mailq</th>\n",
              "      <th>telecq</th>\n",
              "      <th>premiere</th>\n",
              "      <th>interest</th>\n",
              "      <th>stucell</th>\n",
              "      <th>init_span</th>\n",
              "      <th>int1rat</th>\n",
              "      <th>int2rat</th>\n",
              "      <th>hscrat</th>\n",
              "      <th>avg_income</th>\n",
              "      <th>distance</th>\n",
              "    </tr>\n",
              "  </thead>\n",
              "  <tbody>\n",
              "    <tr>\n",
              "      <th>Enroll</th>\n",
              "      <td>1.000000</td>\n",
              "      <td>0.451789</td>\n",
              "      <td>0.471775</td>\n",
              "      <td>0.052103</td>\n",
              "      <td>0.016668</td>\n",
              "      <td>0.048135</td>\n",
              "      <td>0.235264</td>\n",
              "      <td>0.190604</td>\n",
              "      <td>-0.009335</td>\n",
              "      <td>-0.050650</td>\n",
              "      <td>-0.278763</td>\n",
              "      <td>0.399842</td>\n",
              "      <td>0.181966</td>\n",
              "      <td>0.183567</td>\n",
              "      <td>-0.024459</td>\n",
              "      <td>0.125830</td>\n",
              "      <td>0.123740</td>\n",
              "      <td>0.329381</td>\n",
              "      <td>0.107852</td>\n",
              "      <td>-0.055795</td>\n",
              "    </tr>\n",
              "    <tr>\n",
              "      <th>TOTAL_CONTACTS</th>\n",
              "      <td>0.451789</td>\n",
              "      <td>1.000000</td>\n",
              "      <td>0.923753</td>\n",
              "      <td>0.229491</td>\n",
              "      <td>0.245085</td>\n",
              "      <td>0.115090</td>\n",
              "      <td>0.298847</td>\n",
              "      <td>0.330036</td>\n",
              "      <td>0.041243</td>\n",
              "      <td>-0.204294</td>\n",
              "      <td>-0.355560</td>\n",
              "      <td>0.490954</td>\n",
              "      <td>0.287364</td>\n",
              "      <td>0.361508</td>\n",
              "      <td>0.085316</td>\n",
              "      <td>0.195777</td>\n",
              "      <td>0.182284</td>\n",
              "      <td>0.195487</td>\n",
              "      <td>0.143131</td>\n",
              "      <td>-0.128136</td>\n",
              "    </tr>\n",
              "    <tr>\n",
              "      <th>SELF_INIT_CNTCTS</th>\n",
              "      <td>0.471775</td>\n",
              "      <td>0.923753</td>\n",
              "      <td>1.000000</td>\n",
              "      <td>0.059156</td>\n",
              "      <td>0.005808</td>\n",
              "      <td>0.035479</td>\n",
              "      <td>0.339545</td>\n",
              "      <td>0.305657</td>\n",
              "      <td>0.014480</td>\n",
              "      <td>-0.114783</td>\n",
              "      <td>-0.372692</td>\n",
              "      <td>0.506723</td>\n",
              "      <td>0.283894</td>\n",
              "      <td>0.320280</td>\n",
              "      <td>-0.041523</td>\n",
              "      <td>0.198880</td>\n",
              "      <td>0.187631</td>\n",
              "      <td>0.231151</td>\n",
              "      <td>0.176143</td>\n",
              "      <td>-0.122737</td>\n",
              "    </tr>\n",
              "    <tr>\n",
              "      <th>TRAVEL_INIT_CNTCTS</th>\n",
              "      <td>0.052103</td>\n",
              "      <td>0.229491</td>\n",
              "      <td>0.059156</td>\n",
              "      <td>1.000000</td>\n",
              "      <td>-0.339020</td>\n",
              "      <td>-0.045769</td>\n",
              "      <td>0.002808</td>\n",
              "      <td>0.020281</td>\n",
              "      <td>0.025664</td>\n",
              "      <td>-0.706166</td>\n",
              "      <td>-0.094045</td>\n",
              "      <td>0.061138</td>\n",
              "      <td>0.105864</td>\n",
              "      <td>0.033419</td>\n",
              "      <td>0.116978</td>\n",
              "      <td>0.160831</td>\n",
              "      <td>0.179017</td>\n",
              "      <td>-0.026865</td>\n",
              "      <td>-0.050148</td>\n",
              "      <td>-0.144471</td>\n",
              "    </tr>\n",
              "    <tr>\n",
              "      <th>SOLICITED_CNTCTS</th>\n",
              "      <td>0.016668</td>\n",
              "      <td>0.245085</td>\n",
              "      <td>0.005808</td>\n",
              "      <td>-0.339020</td>\n",
              "      <td>1.000000</td>\n",
              "      <td>-0.071764</td>\n",
              "      <td>-0.026848</td>\n",
              "      <td>0.283704</td>\n",
              "      <td>0.060522</td>\n",
              "      <td>0.305246</td>\n",
              "      <td>0.002106</td>\n",
              "      <td>0.028990</td>\n",
              "      <td>-0.008986</td>\n",
              "      <td>0.196707</td>\n",
              "      <td>0.234382</td>\n",
              "      <td>-0.097115</td>\n",
              "      <td>-0.122263</td>\n",
              "      <td>-0.020868</td>\n",
              "      <td>-0.000039</td>\n",
              "      <td>0.082265</td>\n",
              "    </tr>\n",
              "    <tr>\n",
              "      <th>REFERRAL_CNTCTS</th>\n",
              "      <td>0.048135</td>\n",
              "      <td>0.115090</td>\n",
              "      <td>0.035479</td>\n",
              "      <td>-0.045769</td>\n",
              "      <td>-0.071764</td>\n",
              "      <td>1.000000</td>\n",
              "      <td>0.016109</td>\n",
              "      <td>0.046786</td>\n",
              "      <td>-0.003980</td>\n",
              "      <td>0.035366</td>\n",
              "      <td>-0.047561</td>\n",
              "      <td>0.053780</td>\n",
              "      <td>0.026997</td>\n",
              "      <td>-0.046134</td>\n",
              "      <td>0.043565</td>\n",
              "      <td>0.020859</td>\n",
              "      <td>0.020617</td>\n",
              "      <td>0.024086</td>\n",
              "      <td>-0.005771</td>\n",
              "      <td>-0.019663</td>\n",
              "    </tr>\n",
              "    <tr>\n",
              "      <th>CAMPUS_VISIT</th>\n",
              "      <td>0.235264</td>\n",
              "      <td>0.298847</td>\n",
              "      <td>0.339545</td>\n",
              "      <td>0.002808</td>\n",
              "      <td>-0.026848</td>\n",
              "      <td>0.016109</td>\n",
              "      <td>1.000000</td>\n",
              "      <td>0.173193</td>\n",
              "      <td>0.007403</td>\n",
              "      <td>-0.145760</td>\n",
              "      <td>-0.125325</td>\n",
              "      <td>0.081942</td>\n",
              "      <td>0.116651</td>\n",
              "      <td>0.111127</td>\n",
              "      <td>0.043017</td>\n",
              "      <td>0.074249</td>\n",
              "      <td>0.070314</td>\n",
              "      <td>0.128343</td>\n",
              "      <td>0.116736</td>\n",
              "      <td>-0.054921</td>\n",
              "    </tr>\n",
              "    <tr>\n",
              "      <th>satscore</th>\n",
              "      <td>0.190604</td>\n",
              "      <td>0.330036</td>\n",
              "      <td>0.305657</td>\n",
              "      <td>0.020281</td>\n",
              "      <td>0.283704</td>\n",
              "      <td>0.046786</td>\n",
              "      <td>0.173193</td>\n",
              "      <td>1.000000</td>\n",
              "      <td>-0.055650</td>\n",
              "      <td>-0.007297</td>\n",
              "      <td>0.020911</td>\n",
              "      <td>0.159753</td>\n",
              "      <td>0.113748</td>\n",
              "      <td>0.263933</td>\n",
              "      <td>0.174224</td>\n",
              "      <td>0.008071</td>\n",
              "      <td>-0.015300</td>\n",
              "      <td>0.170182</td>\n",
              "      <td>0.317984</td>\n",
              "      <td>0.060700</td>\n",
              "    </tr>\n",
              "    <tr>\n",
              "      <th>sex</th>\n",
              "      <td>-0.009335</td>\n",
              "      <td>0.041243</td>\n",
              "      <td>0.014480</td>\n",
              "      <td>0.025664</td>\n",
              "      <td>0.060522</td>\n",
              "      <td>-0.003980</td>\n",
              "      <td>0.007403</td>\n",
              "      <td>-0.055650</td>\n",
              "      <td>1.000000</td>\n",
              "      <td>-0.025304</td>\n",
              "      <td>0.015061</td>\n",
              "      <td>0.013790</td>\n",
              "      <td>0.003178</td>\n",
              "      <td>0.060629</td>\n",
              "      <td>0.072087</td>\n",
              "      <td>0.004476</td>\n",
              "      <td>-0.021127</td>\n",
              "      <td>-0.021165</td>\n",
              "      <td>-0.022018</td>\n",
              "      <td>0.023406</td>\n",
              "    </tr>\n",
              "    <tr>\n",
              "      <th>mailq</th>\n",
              "      <td>-0.050650</td>\n",
              "      <td>-0.204294</td>\n",
              "      <td>-0.114783</td>\n",
              "      <td>-0.706166</td>\n",
              "      <td>0.305246</td>\n",
              "      <td>0.035366</td>\n",
              "      <td>-0.145760</td>\n",
              "      <td>-0.007297</td>\n",
              "      <td>-0.025304</td>\n",
              "      <td>1.000000</td>\n",
              "      <td>0.112314</td>\n",
              "      <td>-0.054767</td>\n",
              "      <td>-0.155676</td>\n",
              "      <td>-0.057595</td>\n",
              "      <td>-0.074792</td>\n",
              "      <td>-0.165121</td>\n",
              "      <td>-0.175092</td>\n",
              "      <td>0.003186</td>\n",
              "      <td>0.036260</td>\n",
              "      <td>0.149415</td>\n",
              "    </tr>\n",
              "    <tr>\n",
              "      <th>telecq</th>\n",
              "      <td>-0.278763</td>\n",
              "      <td>-0.355560</td>\n",
              "      <td>-0.372692</td>\n",
              "      <td>-0.094045</td>\n",
              "      <td>0.002106</td>\n",
              "      <td>-0.047561</td>\n",
              "      <td>-0.125325</td>\n",
              "      <td>0.020911</td>\n",
              "      <td>0.015061</td>\n",
              "      <td>0.112314</td>\n",
              "      <td>1.000000</td>\n",
              "      <td>-0.214094</td>\n",
              "      <td>-0.158696</td>\n",
              "      <td>-0.169061</td>\n",
              "      <td>0.039631</td>\n",
              "      <td>-0.103458</td>\n",
              "      <td>-0.106548</td>\n",
              "      <td>-0.133743</td>\n",
              "      <td>-0.066695</td>\n",
              "      <td>0.082819</td>\n",
              "    </tr>\n",
              "    <tr>\n",
              "      <th>premiere</th>\n",
              "      <td>0.399842</td>\n",
              "      <td>0.490954</td>\n",
              "      <td>0.506723</td>\n",
              "      <td>0.061138</td>\n",
              "      <td>0.028990</td>\n",
              "      <td>0.053780</td>\n",
              "      <td>0.081942</td>\n",
              "      <td>0.159753</td>\n",
              "      <td>0.013790</td>\n",
              "      <td>-0.054767</td>\n",
              "      <td>-0.214094</td>\n",
              "      <td>1.000000</td>\n",
              "      <td>0.139912</td>\n",
              "      <td>0.132347</td>\n",
              "      <td>0.022492</td>\n",
              "      <td>0.123132</td>\n",
              "      <td>0.120838</td>\n",
              "      <td>0.140450</td>\n",
              "      <td>0.095702</td>\n",
              "      <td>-0.088965</td>\n",
              "    </tr>\n",
              "    <tr>\n",
              "      <th>interest</th>\n",
              "      <td>0.181966</td>\n",
              "      <td>0.287364</td>\n",
              "      <td>0.283894</td>\n",
              "      <td>0.105864</td>\n",
              "      <td>-0.008986</td>\n",
              "      <td>0.026997</td>\n",
              "      <td>0.116651</td>\n",
              "      <td>0.113748</td>\n",
              "      <td>0.003178</td>\n",
              "      <td>-0.155676</td>\n",
              "      <td>-0.158696</td>\n",
              "      <td>0.139912</td>\n",
              "      <td>1.000000</td>\n",
              "      <td>0.133698</td>\n",
              "      <td>-0.005882</td>\n",
              "      <td>0.082309</td>\n",
              "      <td>0.081626</td>\n",
              "      <td>0.069986</td>\n",
              "      <td>0.026881</td>\n",
              "      <td>-0.047431</td>\n",
              "    </tr>\n",
              "    <tr>\n",
              "      <th>stucell</th>\n",
              "      <td>0.183567</td>\n",
              "      <td>0.361508</td>\n",
              "      <td>0.320280</td>\n",
              "      <td>0.033419</td>\n",
              "      <td>0.196707</td>\n",
              "      <td>-0.046134</td>\n",
              "      <td>0.111127</td>\n",
              "      <td>0.263933</td>\n",
              "      <td>0.060629</td>\n",
              "      <td>-0.057595</td>\n",
              "      <td>-0.169061</td>\n",
              "      <td>0.132347</td>\n",
              "      <td>0.133698</td>\n",
              "      <td>1.000000</td>\n",
              "      <td>0.070887</td>\n",
              "      <td>0.011230</td>\n",
              "      <td>0.004476</td>\n",
              "      <td>0.094365</td>\n",
              "      <td>0.113128</td>\n",
              "      <td>0.063049</td>\n",
              "    </tr>\n",
              "    <tr>\n",
              "      <th>init_span</th>\n",
              "      <td>-0.024459</td>\n",
              "      <td>0.085316</td>\n",
              "      <td>-0.041523</td>\n",
              "      <td>0.116978</td>\n",
              "      <td>0.234382</td>\n",
              "      <td>0.043565</td>\n",
              "      <td>0.043017</td>\n",
              "      <td>0.174224</td>\n",
              "      <td>0.072087</td>\n",
              "      <td>-0.074792</td>\n",
              "      <td>0.039631</td>\n",
              "      <td>0.022492</td>\n",
              "      <td>-0.005882</td>\n",
              "      <td>0.070887</td>\n",
              "      <td>1.000000</td>\n",
              "      <td>-0.083764</td>\n",
              "      <td>-0.095125</td>\n",
              "      <td>-0.054436</td>\n",
              "      <td>-0.027284</td>\n",
              "      <td>0.001484</td>\n",
              "    </tr>\n",
              "    <tr>\n",
              "      <th>int1rat</th>\n",
              "      <td>0.125830</td>\n",
              "      <td>0.195777</td>\n",
              "      <td>0.198880</td>\n",
              "      <td>0.160831</td>\n",
              "      <td>-0.097115</td>\n",
              "      <td>0.020859</td>\n",
              "      <td>0.074249</td>\n",
              "      <td>0.008071</td>\n",
              "      <td>0.004476</td>\n",
              "      <td>-0.165121</td>\n",
              "      <td>-0.103458</td>\n",
              "      <td>0.123132</td>\n",
              "      <td>0.082309</td>\n",
              "      <td>0.011230</td>\n",
              "      <td>-0.083764</td>\n",
              "      <td>1.000000</td>\n",
              "      <td>0.498628</td>\n",
              "      <td>0.133807</td>\n",
              "      <td>0.054136</td>\n",
              "      <td>-0.427276</td>\n",
              "    </tr>\n",
              "    <tr>\n",
              "      <th>int2rat</th>\n",
              "      <td>0.123740</td>\n",
              "      <td>0.182284</td>\n",
              "      <td>0.187631</td>\n",
              "      <td>0.179017</td>\n",
              "      <td>-0.122263</td>\n",
              "      <td>0.020617</td>\n",
              "      <td>0.070314</td>\n",
              "      <td>-0.015300</td>\n",
              "      <td>-0.021127</td>\n",
              "      <td>-0.175092</td>\n",
              "      <td>-0.106548</td>\n",
              "      <td>0.120838</td>\n",
              "      <td>0.081626</td>\n",
              "      <td>0.004476</td>\n",
              "      <td>-0.095125</td>\n",
              "      <td>0.498628</td>\n",
              "      <td>1.000000</td>\n",
              "      <td>0.138267</td>\n",
              "      <td>0.048512</td>\n",
              "      <td>-0.467201</td>\n",
              "    </tr>\n",
              "    <tr>\n",
              "      <th>hscrat</th>\n",
              "      <td>0.329381</td>\n",
              "      <td>0.195487</td>\n",
              "      <td>0.231151</td>\n",
              "      <td>-0.026865</td>\n",
              "      <td>-0.020868</td>\n",
              "      <td>0.024086</td>\n",
              "      <td>0.128343</td>\n",
              "      <td>0.170182</td>\n",
              "      <td>-0.021165</td>\n",
              "      <td>0.003186</td>\n",
              "      <td>-0.133743</td>\n",
              "      <td>0.140450</td>\n",
              "      <td>0.069986</td>\n",
              "      <td>0.094365</td>\n",
